111111111111111111111111111111222223333440000
              0000000000000000222223333440000
333333333333333366666666666666222223333440000
 00000000000000000022222222222222223333440000
555555555555555555555511111111222223333440000
111111111111111111111111111111222223333440000
              0000000000000000222223333440000
333333333333333366666666666666222223333440000
 00000000000000000022222222222222223333440000
555555555555555555555511111111222223333440000
000000000000000001111111111110000000000000000
                00000000000000000111111111111
222222222222222200000000000000000111111111111
               